image: 20210715_slowhallway_4.pgm
resolution: 0.050000
#origin: [-102.424995, -102.424995, 0.000000]
origin: [-102.424995, -102.424995, 0.000000]
negate: 0
occupied_thresh: 0.65
free_thresh: 0.196

