image: 20211015_centerpark.pgm
resolution: 0.050000
origin: [-15.567470, -69.500000, 0.000000]
negate: 0
occupied_thresh: 0.65
free_thresh: 0.196

