image: 20210715_slowhallway_45.pgm
resolution: 0.050000
origin: [-75.924995, -113.124995, 0.000000]
negate: 0
occupied_thresh: 0.65
free_thresh: 0.196

